"Blancos", 0, 21682, 3.15
"Nulos", 0, 10380, 1.51
"PP", 30, 269308, 39.72
"PSOE", 22, 196521, 28.98
"PAR", 7, 62148, 9.17
"CHA", 4, 55875, 8.24
"IU", 4, 41769, 6.16
"UPyD", 0, 15625, 2.3
"ECOLO", 0, 4562, 0.67
"C. ARAGON", 0, 3763, 0.55
"PACMA", 0, 2169, 0.32
"F.I.A.", 0, 993, 0.15
"TA", 0, 820, 0.12
"U.C.E.", 0, 592, 0.09
"pCUA", 0, 571, 0.08
"PFyV", 0, 530, 0.08
"C.D.L.", 0, 477, 0.07
"PH", 0, 435, 0.06
"L'VIA", 0, 249, 0.04
"Blancos", 0, 15597, 2.57
"Nulos", 0, 8792, 1.45
"FAC", 16, 177588, 29.75
"PSOE", 15, 177714, 29.77
"PP", 10, 118930, 19.92
"IU-LOS VERDES", 4, 61513, 10.3
"UPyD", 0, 14662, 2.46
"IDEAS", 0, 6337, 1.06
"BLOQUE POR ASTURIES-UNA", 0, 6160, 1.03
"FDLI", 0, 4572, 0.77
"LV-GV", 0, 3564, 0.6
"URAS-PAS", 0, 2948, 0.49
"PACMA", 0, 1864, 0.31
"CONCEYU ABIERTU", 0, 1529, 0.26
"P.C.P.E.", 0, 1417, 0.24
"PDYC", 0, 1040, 0.17
"D.N.", 0, 778, 0.13
"FrN-MSR", 0, 387, 0.06
"ALS", 0, 328, 0.05
"U.C.E.", 0, 10, 0
"Blancos", 0, 12282, 2.88
"Nulos", 0, 6773, 1.59
"PP", 35, 194680, 46.37
"PSOE", 14, 89806, 21.39
"PSM-IV-EXM", 4, 36149, 8.61
"PSOE-PACTE", 4, 12691, 3.02
"PSM- EN", 1, 3719, 0.89
"GxF + PSOE", 1, 1900, 0.45
"IB-LLIGA", 0, 12313, 2.93
"CxI", 0, 11922, 2.84
"EUIB", 0, 9620, 2.29
"UPyD", 0, 8722, 2.08
"ERC", 0, 5323, 1.27
"CENB", 0, 3156, 0.75
"ExC", 0, 2069, 0.49
"NOV-A", 0, 1754, 0.42
"PACMA", 0, 1631, 0.39
"EM-EU", 0, 1564, 0.37
"SA UNIÓ", 0, 1352, 0.32
"A.S.I.", 0, 1100, 0.26
"UMe", 0, 967, 0.23
"ESOS", 0, 902, 0.21
"C's", 0, 817, 0.19
"E.V.Me.", 0, 640, 0.15
"CCD", 0, 625, 0.15
"ENE", 0, 566, 0.13
"TD", 0, 558, 0.13
"P.LI.E.", 0, 547, 0.13
"U.P.C.M.", 0, 508, 0.12
"Dissidents", 0, 473, 0.11
"PFyV", 0, 444, 0.11
"P.I.I.B.", 0, 299, 0.07
"M.S.R.", 0, 298, 0.07
"PRB+i", 0, 200, 0.05
"P.R.E.F.", 0, 135, 0.03
"U.C.E.", 0, 64, 0.02
"Blancos", 0, 25192, 2.7
"Nulos", 0, 25191, 2.7
"PP", 21, 288807, 31.84
"CC", 21, 225757, 24.89
"PSOE", 15, 190310, 20.98
"NCa", 3, 82318, 9.08
"ACSSP", 0, 19372, 2.14
"VERDES", 0, 18777, 2.07
"UPyD", 0, 9041, 1
"C.G.C.a.", 0, 7387, 0.81
"IUC", 0, 6889, 0.76
"ANC", 0, 6481, 0.71
"SCC", 0, 4761, 0.52
"PPMAJO", 0, 4333, 0.48
"PACMA", 0, 2827, 0.31
"MP", 0, 2728, 0.3
"PCPC", 0, 2483, 0.27
"PSyEP", 0, 2004, 0.22
"MUPC", 0, 1626, 0.18
"PUM+J", 0, 1455, 0.16
"PH", 0, 1257, 0.14
"UNIDAD DEL PUEBLO", 0, 1236, 0.14
"C.D.L.", 0, 1049, 0.12
"CSDC", 0, 365, 0.04
"D.N.", 0, 350, 0.04
"UCE", 0, 120, 0.01
"Blancos", 0, 7315, 2.12
"Nulos", 0, 5885, 1.71
"PP", 20, 156199, 46.12
"PRC", 12, 98731, 29.15
"PSOE", 7, 55220, 16.31
"IU-IA", 0, 11224, 3.31
"UPyD", 0, 5813, 1.72
"F.N.", 0, 1254, 0.37
"PCPE", 0, 1097, 0.32
"A.M.D.", 0, 915, 0.27
"SAIn", 0, 514, 0.15
"CDL", 0, 378, 0.11
"Blancos", 0, 19625, 1.65
"Nulos", 0, 15558, 1.31
"PP", 25, 564335, 48.13
"PSOE", 24, 508716, 43.38
"IU", 0, 44208, 3.77
"UPyD", 0, 20561, 1.75
"PACMA", 0, 4092, 0.35
"PCAS", 0, 2748, 0.23
"LV-GV", 0, 2358, 0.2
"ECOLO VERDES", 0, 1667, 0.14
"CENB", 0, 1611, 0.14
"U.C.I.T.", 0, 1426, 0.12
"Ud.Ca", 0, 751, 0.06
"CCD", 0, 504, 0.04
"Blancos", 0, 47012, 3.23
"Nulos", 0, 27991, 1.92
"PP", 53, 737553, 51.59
"PSOE", 29, 423239, 29.61
"IUCyL", 1, 69861, 4.89
"U.P.L.", 1, 26479, 1.85
"UPyD", 0, 47045, 3.29
"PCAL", 0, 15871, 1.11
"PCAL-CI", 0, 8459, 0.59
"PACMA", 0, 5309, 0.37
"MASS", 0, 4779, 0.33
"PAL-UL", 0, 3743, 0.26
"SI", 0, 3700, 0.26
"CENB", 0, 3602, 0.25
"ADEIZA-UPZ", 0, 3323, 0.23
"VERDES", 0, 2759, 0.19
"IDES", 0, 2665, 0.19
"LV-GV", 0, 2622, 0.18
"P.B.", 0, 2501, 0.17
"D.N.", 0, 2099, 0.15
"CiBu", 0, 1992, 0.14
"PREPAL", 0, 1937, 0.14
"CIVIQUS", 0, 1688, 0.12
"VYC", 0, 1560, 0.11
"FE de las JONS", 0, 1516, 0.11
"U.R.C.L.", 0, 1424, 0.1
"SAIn", 0, 1292, 0.09
"P.C.P.E.", 0, 1252, 0.09
"IxSA", 0, 883, 0.06
"I.M.C.", 0, 802, 0.06
"SEGOVIA DE IZQUIERDAS", 0, 758, 0.05
"P.R.B.", 0, 664, 0.05
"PH", 0, 523, 0.04
"U.C.E.", 0, 492, 0.03
"PFyV", 0, 199, 0.01
"Blancos", 0, 9396, 1.39
"Nulos", 0, 9197, 1.36
"PP", 32, 307558, 46.21
"PSOE", 30, 289467, 43.49
"IU-V-SIEX", 3, 37096, 5.57
"UPyD", 0, 7062, 1.06
"IPEX", 0, 4675, 0.7
"ECOLO VERDES", 0, 3855, 0.58
"U.P.EX.", 0, 2184, 0.33
"PUM+J", 0, 1565, 0.24
"CEX", 0, 1054, 0.16
"PCPE", 0, 839, 0.13
"CenB", 0, 772, 0.12
"Blancos", 0, 4531, 2.69
"Nulos", 0, 3418, 2.03
"PP", 20, 85644, 51.87
"PSOE", 11, 50027, 30.3
"PR", 2, 8987, 5.44
"IU", 0, 6099, 3.69
"UPyD", 0, 5894, 3.57
"E-V", 0, 2031, 1.23
"PUM+J", 0, 689, 0.42
"P.C.P.E.", 0, 662, 0.4
"PACMA", 0, 557, 0.34
"Blancos", 0, 71419, 2.35
"Nulos", 0, 51084, 1.68
"PP", 72, 1544660, 51.74
"PSOE", 36, 783034, 26.23
"IU-LV", 13, 286917, 9.61
"UPyD", 8, 187974, 6.3
"ECOLO", 0, 28963, 0.97
"CENB", 0, 19664, 0.66
"PACMA", 0, 15805, 0.53
"PUM+J", 0, 10443, 0.35
"FE", 0, 6431, 0.22
"P.C.P.E.", 0, 5603, 0.19
"C's", 0, 4888, 0.16
"PH", 0, 3919, 0.13
"AES", 0, 3731, 0.12
"ULEG", 0, 3428, 0.11
"C.D.L.", 0, 3154, 0.11
"PCAS", 0, 2220, 0.07
"CYD", 0, 1638, 0.05
"SAIn", 0, 1303, 0.04
"Blancos", 0, 14038, 2.12
"Nulos", 0, 10823, 1.64
"PP", 33, 382569, 58.82
"PSOE", 11, 155157, 23.86
"IUV-RM", 1, 50913, 7.83
"UPyD", 0, 29236, 4.5
"LV-ECOLO", 0, 7618, 1.17
"C.D.L.", 0, 3917, 0.6
"P.R.D.E.", 0, 1173, 0.18
"PEE", 0, 1050, 0.16
"D.N.", 0, 852, 0.13
"C.D.U.R.", 0, 830, 0.13
"CYD", 0, 822, 0.13
"U.C.E.", 0, 713, 0.11
"NOSTRADAMUS", 0, 620, 0.1
"FE", 0, 488, 0.08
"PRCRM", 0, 220, 0.03
"C.C.SE", 0, 182, 0.03
"Blancos", 0, 8151, 2.5
"Nulos", 0, 4039, 1.2
"UPN", 19, 111278, 34.5
"PSN-PSOE", 9, 51054, 15.8
"NA-BAI2011", 8, 49768, 15.4
"BILDU", 7, 42839, 13.3
"PP", 4, 23449, 7.3
"IZQ-EZK", 3, 18409, 5.7
"CDN", 0, 4651, 1.4
"ECOLO", 0, 4208, 1.3
"RCN-NOK", 0, 3141, 1
"UPyD", 0, 2208, 0.7
"IXN", 0, 1352, 0.4
"SAIn", 0, 1054, 0.3
"DNE", 0, 960, 0.3
"Blancos", 0, 65779, 2.64
"Nulos", 0, 40710, 1.63
"PP", 55, 1208603, 48.53
"PSOE", 33, 684893, 27.5
"C. COMPROMÍS", 6, 175087, 7.03
"EUPV", 5, 144201, 5.79
"UPyD", 0, 60734, 2.44
"VERDS", 0, 31897, 1.28
"ESPAÑA 2000", 0, 12183, 0.49
"ERPV", 0, 11116, 0.45
"CVa", 0, 9334, 0.37
"PACMA", 0, 9242, 0.37
"C.D.L.", 0, 8165, 0.33
"CenB", 0, 4201, 0.17
"UxV", 0, 3629, 0.15
"PCPE", 0, 3421, 0.14
"PH", 0, 2547, 0.1
"CLr.", 0, 2463, 0.1
"DN", 0, 2156, 0.09
"UCE", 0, 1716, 0.07
"FA", 0, 1619, 0.07
"MUP-R", 0, 1431, 0.06
"PFyV", 0, 1407, 0.06
"FE de las JONS", 0, 1149, 0.05
"LA REPÚBLICA", 0, 722, 0.03
"ENV-RVPVE", 0, 715, 0.03
"SPES", 0, 597, 0.02
"Pdex", 0, 530, 0.02
