'PP' 519  222614  34.54 
'PSOE' 376  190715  29.59 
'BNG' 238  124594  19.33 
'TEGA' 43  23638  3.67 
'EU-IU' 9  13452  2.09 
'AV' 9  6249  0.97 
'EAJ-PNV' 190   37334   25.08  
'PP' 74  38470  25.85 
'PSE-EE/PSOE' 44  39245  26.37 
'AV' 4  316  0.21 
'EB-B' 3  617  0.41 
'A' 6  815  0.55 
'EA' 34  10253  6.89 
'EAE-ANV' 23  4598  3.09 
'EB-B/A' 4  8854  5.95 
'DTI-AIA' 2  227  0.15 
'PP' 337   85874   40.06  
'PSOE' 402  103183  48.14 
'IU' 25  11984  5.59 
'PIPA' 2  295  0.14 
'PRM'    895  0.42 
'AEIA' 4  2380  1.11 
'AIPC' 4  662  0.31 
'AICL' 4  235  0.11 
'AOI' 3  513  0.24 
'AINPHO' 3  475  0.22 
'ACA' 1  455  0.21 
'ICEA' 1  206  0.10 
'AIR' 1  194  0.09 
'CLG' 1  166  0.08 
'AEI' 1  141  0.07 
'PIDSS DE BOGARRA' 1  117  0.05 
'ICR' 1  70  0.03 
'PP' 816   379292   45.78  
'PSOE' 568  288654  34.84 
'EUPV-VERDS-IR:ACORD' 28  36253  4.38 
'CL' 3  1843  0.22 
'ESQUERRA-AM' 3  2384  0.29 
'CVa' 3  1091  0.13 
'PP' 340   107089   37.98  
'PSOE' 470  107473  38.11 
'PA' 34  9788  3.47 
'IULV-CA' 22  11122  3.94 
'PdeAL' 61  22554  8.00 
'EAJ-PNV' 190   37334   25.08  
'PP' 74  38470  25.85 
'PSE-EE/PSOE' 44  39245  26.37 
'AV' 4  316  0.21 
'EB-B' 3  617  0.41 
'A' 6  815  0.55 
'EA' 34  10253  6.89 
'EAE-ANV' 23  4598  3.09 
'EB-B/A' 4  8854  5.95 
'DTI-AIA' 2  227  0.15 
'PP' 833   58295   54.80  
'PSOE' 364  32929  30.95 
'IU-LV CYL' 23  5392  5.07 
'CI-PCYL' 16  2196  2.06 
'TC-ACAL' 13  1081  1.02 
'CPAD' 3  333  0.31 
'AVCP' 3  161  0.15 
'CIF' 2  152  0.14 
'DN' 2  91  0.09 
'CINDA' 1  156  0.15 
'CIM' 1  134  0.13 
'PSOE' 818   188645   46.90  
'PP' 553  151958  37.78 
'IU' 102  26238  6.52 
'IPEX' 52  8290  2.06 
'SIEX' 4  2310  0.57 
'CV' 3  1786  0.44 
'EU' 4  305  0.08 
'PP' 394   182614   42.95  
'PSOE' 218  124311  29.23 
'ESQUERRA-AM' 5  2079  0.49 
'GxF' 5  1134  0.27 
'EU' 4  2042  0.48 
'CIU' 1169   456233   22.34  
'PSC-PM' 1207  687241  33.65 
'ESQUERRA-AM' 549  201092  9.85 
'PP' 176  231794  11.35 
'ICV-EUIA-EPM' 305  214462  10.50 
'CUP' 16  14904  0.73 
'PXC' 8  7535  0.37 
'FIC' 20  5018  0.25 
'EAJ-PNV' 639   207379   38.76  
'PSE-EE/PSOE' 150  123161  23.02 
'PP' 67  82076  15.34 
'A' 2  1559  0.29 
'LVP' 10  2486  0.46 
'EB-B' 8  7235  1.35 
'EA' 91  28985  5.42 
'PP' 974   94501   46.95  
'PSOE' 467  66181  32.88 
'IU-LV CYL' 11  8707  4.33 
'IMC' 10  1152  0.57 
'PSOE' 867   117765   45.68  
'PP' 683  100375  38.94 
'IU' 36  10601  4.11 
'IPEX' 33  4403  1.71 
'SIEX' 10  1894  0.73 
'PREX-CREX' 20  2419  0.94 
'UPEX' 6  2385  0.93 
'AIC' 5  611  0.24 
'FCC' 1  3236  1.26 
'PSOE' 330   209882   39.10  
'PP' 173  152919  28.49 
'IULV-CA' 92  57451  10.70 
'PA' 70  48583  9.05 
'PSOE' 330  209882  39.10 
'RRUU' 10  6512  1.21 
'CDL'    658  0.12 
'PP' 428   139472   40.58  
'PRC' 303  73657  21.43 
'PSOE' 245  92333  26.87 
'IU' 8  5628  1.64 
'CDL' 2  836  0.24 
'PP' 580   133629   45.92  
'PSOE' 412  105335  36.20 
'EUPV-VERDS-IR:ACORD' 5  5126  1.76 
'CVa' 1  1855  0.64 
'PP' 19   22484   65.18  
'PSOE' 2  2985  8.65 
'LV-GV DE CEUTA'    326  0.95 
'UDCE-IU CEUTA' 4  5659  16.41 
'PSOE' 532   136988   48.91  
'PP' 440  113941  40.68 
'IU' 27  12515  4.47 
'UDCA' 8  1891  0.68 
'AC-AI' 1  522  0.19 
'AIR' 4  240  0.09 
'AREI' 3  225  0.08 
'CA' 2  1927  0.69 
'AIDA' 2  345  0.12 
'AEIC' 2  50  0.02 
'ACIA' 1  285  0.10 
'LI' 1  89  0.03 
'PSOE' 427   140260   33.57  
'PP' 203  122761  29.39 
'IULV-CA' 175  106772  25.56 
'PA' 66  27200  6.51 
'UPAN' 2  991  0.24 
'UNIDE' 7  2081  0.50 
'OLIVO-I' 5  2115  0.51 
'GTI' 4  181  0.04 
'CIDG' 3  752  0.18 
'BU-PI' 3  695  0.17 
'PCB' 3  663  0.16 
'PSA' 1  2164  0.52 
'ICM' 1  97  0.02 
'PP' 600   55823   43.04  
'PSOE' 700  61861  47.69 
'IU' 11  4117  3.17 
'CDL' 15  2466  1.90 
'AEA' 4  60  0.05 
'FGI' 4  58  0.04 
'AIL' 4  33  0.03 
'IXC' 2  375  0.29 
'PIL' 2  214  0.16 
'ACHE' 2  77  0.06 
'API' 2  59  0.05 
'TC' 1  226  0.17 
'CIP' 1  121  0.09 
'AIRP' 1  86  0.07 
'AJE' 1  77  0.06 
'SEIN' 1  50  0.04 
'AIDZ' 1  35  0.03 
'CIU' 789   99010   33.20  
'ESQUERRA-AM' 398  54818  18.38 
'PSC-PM' 458  76340  25.60 
'ICV-EUIA-EPM' 84  20779  6.97 
'PP' 19  12983  4.35 
'FIC' 6  1713  0.57 
'CUP' 2  1392  0.47 
'PSOE' 816   184714   40.56  
'PP' 560  166851  36.64 
'IULV-CA' 148  44598  9.79 
'PA' 62  14221  3.12 
'CA' 10  5621  1.23 
'PSOE' 610   51176   43.69  
'PP' 424  49976  42.67 
'IU' 20  6710  5.73 
'EAJ-PNV' 200  63911  20.81 
'PSE-EE/PSOE' 138  79147  25.77 
'A' 25  3743  1.22 
'PP' 44  32712  10.65 
'PSOE' 472   113157   45.31  
'PP' 188  80793  32.35 
'IULV-CA' 87  24031  9.62 
'PA' 73  18150  7.27 
'PSOE' 472  113157  45.31 
'DN'    105  0.04 
'IXBEAS' 5  1248  0.50 
'CIHS' 5  456  0.18 
'IPLUC' 3  382  0.15 
'SIM' 3  351  0.14 
'PSA' 2  894  0.36 
'CLP' 2  271  0.11 
'AEEA' 2  134  0.05 
'GIHU' 1  208  0.08 
'LV' 1  189  0.08 
'GISG' 1  55  0.02 
'PSOE' 631   51820   42.32  
'PP' 331  34366  28.06 
'PAR' 241  18455  15.07 
'CHA' 84  10092  8.24 
'IU' 7  3952  3.23 
'CDL'    190  0.16 
'AEI-CP' 4  184  0.15 
'AES' 2  100  0.08 
'LV-GV' 1  803  0.66 
'PS' 1  236  0.19 
'AE' 1  51  0.04 
'AESCSB' 1  48  0.04 
'PSOE' 604   178854   47.72  
'PP' 339  118440  31.60 
'IULV-CA' 104  38398  10.25 
'PA' 45  17013  4.54 
'PSA' 5  3208  0.86 
'AIBAILEN' 5  2501  0.67 
'UD MENGIBAR' 3  1296  0.35 
'AEIPRPA' 3  648  0.17 
'ICA' 1  862  0.23 
'UUG' 1  250  0.07 
'PP' 539   81107   47.22  
'PSOE' 349  69390  40.40 
'PR' 43  11085  6.45 
'IU-IC-LV' 5  4930  2.87 
'AS' 6  377  0.22 
'CIC' 4  132  0.08 
'AIA' 4  122  0.07 
'AIT' 3  78  0.05 
'CIC' 2  1004  0.58 
'AISM' 2  55  0.03 
'AEN' 2  38  0.02 
'CIP' 1  218  0.13 
'GEA' 1  70  0.04 
'CIV' 1  54  0.03 
'AEDH' 1  43  0.03 
'AIM' 1  34  0.02 
'AIE' 1  28  0.02 
'CIT' 1  12  0.01 
'PP' 146   126600   26.74  
'CC-PNC' 93  45145  9.54 
'PSOE' 159  141116  29.80 
'NCa' 51  51391  10.85 
'PIL' 22  8646  1.83 
'RA' 15  9035  1.91 
'CIUCA-AFV' 3  4973  1.05 
'CGCa' 2  10688  2.26 
'CCN' 14  16483  3.48 
'PP' 779   115591   38.61  
'PSOE' 676  117405  39.21 
'UPL' 161  31851  10.64 
'IU-LV CYL' 29  10179  3.40 
'PAL-UL' 15  6150  2.05 
'PDB' 2  2284  0.76 
'LVE' 3  1326  0.44 
'AIPEPDPSYA' 3  176  0.06 
'CI' 2  193  0.06 
'ADEDLB' 1  340  0.11 
'IR' 1  326  0.11 
'AIB' 1  97  0.03 
'CIU' 755   65561   32.80  
'PSC-PM' 440  62075  31.05 
'ESQUERRA-AM' 356  34311  17.16 
'PP' 31  11368  5.69 
'CDA' 27  2009  1.00 
'ICV-EUIA-EPM' 25  8167  4.09 
'CUP' 1  1216  0.61 
'PXC' 4  1321  0.66 
'C'S' 5  1329  0.66 
'FIC' 4  547  0.27 
'PP' 344   99812   42.12  
'PSOE' 259  83251  35.13 
'BNG' 101  39071  16.49 
'EU-IU' 1  1615  0.68 
'TEGA' 16  5453  2.30 
'AVEXO' 4  1032  0.44 
'IR' 4  528  0.22 
'PG' 3  1639  0.69 
'UPRI' 2  899  0.38 
'IBT' 2  521  0.22 
'INDEBA' 1  208  0.09 
'PP' 1070   1499561   50.38  
'PSOE' 664  982234  33.00 
'IUCM' 129  258832  8.70 
'CDL' 5  2625  0.09 
'PSOE' 522   227262   35.96  
'PP' 315  244836  38.74 
'IULV-CA' 193  68935  10.91 
'PA' 79  30056  4.76 
'CA' 10  1749  0.28 
'PP' 15   16102   55.96  
'CPM' 5  6245  21.71 
'PSOE' 5  5246  18.23 
'PP' 413   359603   55.14  
'PSOE' 271  211658  32.46 
'(IU+LV)RM' 32  42920  6.58 
'CDL' 3  3876  0.59 
'MC' 2  6308  0.97 
'UCP' 1  765  0.12 
'PSN-PSOE' 244  63594  18.98 
'NB' 133  52387  15.64 
'UPN' 336  110910  33.11 
'CDN' 16  7699  2.30 
'CPVA' 10  2142  0.64 
'EAJ-PNV' 9  754  0.23 
'EA' 39  2826  0.84 
'AIM' 16  546  0.16 
'IUN-NEB' 21  12220  3.65 
'PP' 503   104827   46.94  
'PSOE' 247  61274  27.44 
'BNG' 150  42015  18.81 
'EU-IU'    528  0.24 
'TEGA' 5  2894  1.30 
'UdeC' 8  790  0.35 
'RUA' 4  947  0.42 
'ATI' 4  573  0.26 
'ADEI-O' 3  966  0.43 
'IpG' 2  198  0.09 
'AEIVE' 2  189  0.08 
'VERIN' 1  735  0.33 
'IL' 1  233  0.10 
'VETA' 1  170  0.08 
'AIP' 1  83  0.04 
'PP' 581   48727   45.11  
'PSOE' 294  43202  40.00 
'CDL' 5  251  0.23 
'IU-LV CYL' 6  4387  4.06 
'CI-PCYL' 42  4659  4.31 
'AEAP' 4  126  0.12 
'TC-ACAL' 3  1135  1.05 
'AE ING' 3  938  0.87 
'ABI' 3  361  0.33 
'AIHV' 2  43  0.04 
'AIA' 1  481  0.45 
'CIVES' 1  165  0.15 
'INPROCA' 1  153  0.14 
'VA' 1  75  0.07 
'AIV' 1  66  0.06 
'AEI BRAÑOSERA' 1  34  0.03 
'PP' 425   228387   42.20  
'PSOE' 234  142784  26.38 
'BNG' 172  109599  20.25 
'EU-IU' 4  6992  1.29 
'TEGA' 2  1641  0.30 
'PP' 1193   102977   49.03  
'PSOE' 775  79920  38.05 
'IU-LV CYL' 8  5036  2.40 
'URCL' 1  279  0.13 
'UPSa' 85  10179  4.85 
'AIC' 3  272  0.13 
'TC-ACAL' 2  479  0.23 
'PSOE' 303   140310   30.71  
'CC-PNC' 311  172262  37.71 
'PP' 89  63694  13.94 
'CCN' 33  23840  5.22 
'IUC' 1  8325  1.82 
'AISU' 10  3730  0.82 
'NCa' 3  1626  0.36 
'CSC' 2  6475  1.42 
'LV-GV'    2483  0.54 
'PP' 685  45451  48.52 
'PSOE' 297  34739  37.08 
'IU-LV CYL' 11  3727  3.98 
'PSOE' 753   394283   44.86  
'PP' 257  234580  26.69 
'IULV-CA' 269  121908  13.87 
'PA' 96  69874  7.95 
'UPAN' 11  3638  0.41 
'PP' 459   25578   48.79  
'PSOE' 166  18990  36.22 
'IDES' 20  3753  7.16 
'IU-LV CYL' 2  1036  1.98 
'AECP' 5  169  0.32 
'AC' 4  99  0.19 
'UPC' 3  287  0.55 
'CIB' 3  80  0.15 
'AIRE' 3  58  0.11 
'AIDLA' 3  30  0.06 
'APSL' 2  283  0.54 
'AMI' 2  81  0.15 
'CIN' 2  66  0.13 
'AEVR' 2  57  0.11 
'MI' 1  58  0.11 
'AIER' 1  48  0.09 
'AEY' 1  42  0.08 
'AIA' 1  41  0.08 
'AIVA' 1  38  0.07 
'AIM' 1  36  0.07 
'CIT' 1  31  0.06 
'TC-ACAL' 1  24  0.05 
'ADLL' 1  12  0.02 
'AIECS' 1  10  0.02 
'CIU' 674   102521   31.23  
'PSC-PM' 465  99117  30.19 
'ESQUERRA-AM' 278  44707  13.62 
'PP' 58  27050  8.24 
'FIC' 56  10200  3.11 
'ICV-EUIA-EPM' 37  14539  4.43 
'PXC' 4  2791  0.85 
'CUP' 1  1024  0.31 
'PSOE' 404   28855   34.22  
'PP' 336  25319  30.03 
'PAR' 326  18531  21.98 
'CHA' 34  4749  5.63 
'IU' 26  6094  7.23 
'FIA' 1  41  0.05 
'pCUA' 3  373  0.44 
'L'ENTESA' 1  69  0.08 
'IPN' 1  64  0.08 
'CDIG' 1  31  0.04 
'PP' 818   155013   43.13  
'PSOE' 922  164748  45.83 
'IU' 51  18708  5.20 
'UCIT' 12  2382  0.66 
'URI' 13  2507  0.70 
'PP' 1372   635321   47.16  
'PSOE' 1089  462515  34.33 
'EUPV-VERDS-IR:ACORD' 108  73096  5.43 
'CVa' 16  18358  1.36 
'ESQUERRA-AM' 2  6490  0.48 
'PP' 787   143693   46.67  
'PSOE' 445  117373  38.12 
'CI-PCYL' 54  10823  3.52 
'IU-LV CYL' 31  16054  5.21 
'URCL' 12  1437  0.47 
'CDL' 3  294  0.10 
'IA' 6  1927  0.63 
'UPME' 5  1060  0.34 
'AIEC' 4  46  0.01 
'AC' 2  59  0.02 
'CIB' 2  45  0.01 
'CIGALES PI' 1  254  0.08 
'AE-CORUJOS DE VILLALAN' 1  31  0.01 
'PP' 909  61057  49.30 
'PSOE' 487  40615  32.79 
'ADEIZA-UPZ' 63  6705  5.41 
'IU-LV CYL' 16  6523  5.27 
'PREPAL' 5  490  0.40 
'CI-PCYL' 34  2102  1.70 
'ZU-UPL' 27  2193  1.77 
'UCL' 6  319  0.26 
'AIV' 4  317  0.26 
'SV' 4  208  0.17 
'AEM' 2  164  0.13 
'ADEIVI' 2  143  0.12 
'AEMV' 1  102  0.08 
'CITEP' 1  95  0.08 
'SAU' 1  60  0.05 
'PSOE' 787   179992   38.59  
'PP' 436  144435  30.97 
'PAR' 416  57093  12.24 
'CHA' 110  43622  9.35 
'IU' 14  20407  4.38 
'CDL' 3  1030  0.22 
'PUM+J'    521  0.11 
'pCUA'    1192  0.26 
'PH'    241  0.05 
'CIPV' 6  888  0.19 
'CPC' 5  1640  0.35 
'AIL' 4  42  0.01 
'IA' 3  128  0.03 
'LV-FIA' 1  2364  0.51 
'GIC' 1  154  0.03 
'CAVA' 1  108  0.02 
'UCL' 1  55  0.01 
'A AL' 1  50  0.01 
